{
 "cells": [
  {
   "cell_type": "code",
   "execution_count": 99,
   "metadata": {},
   "outputs": [],
   "source": [
    "import numpy as np\n",
    "import math, random\n",
    "import os, sys\n",
    "import warnings\n",
    "warnings.filterwarnings('ignore')\n",
    "random.seed(42)"
   ]
  },
  {
   "cell_type": "code",
   "execution_count": 2,
   "metadata": {},
   "outputs": [
    {
     "name": "stdout",
     "output_type": "stream",
     "text": [
      "[[7.14 1.28 0.79 1.12]\n",
      " [1.28 3.28 1.3  0.16]\n",
      " [0.79 1.3  6.32 2.1 ]\n",
      " [1.12 0.16 2.1  5.22]]\n"
     ]
    }
   ],
   "source": [
    "matrix = np.array([[7.14, 1.28, 0.79, 1.12],\n",
    "                  [1.28, 3.28, 1.3, 0.16],\n",
    "                  [0.79, 1.3, 6.32, 2.1],\n",
    "                  [1.12, 0.16, 2.1, 5.22]])\n",
    "print(matrix)"
   ]
  },
  {
   "cell_type": "code",
   "execution_count": 3,
   "metadata": {},
   "outputs": [],
   "source": [
    "def find_index(matrix):\n",
    "    max_ = np.fabs(matrix[0][1])\n",
    "    k, t = 0, 1\n",
    "    for i in range(matrix.shape[0]):\n",
    "        for j in range(matrix.shape[1]):\n",
    "            if ((i !=j and i < j) and np.fabs(matrix[i][j]) > max_):\n",
    "                max_ = np.fabs(matrix[i][j])\n",
    "                k, t = i, j\n",
    "    return k, t"
   ]
  },
  {
   "cell_type": "code",
   "execution_count": 4,
   "metadata": {},
   "outputs": [],
   "source": [
    "find_t = lambda x: 1/(x - np.sqrt(pow(x,2) + 1)) if x < 0 else 1/(x + np.sqrt(pow(x,2) + 1))"
   ]
  },
  {
   "cell_type": "code",
   "execution_count": 5,
   "metadata": {},
   "outputs": [],
   "source": [
    "def make_T(I, c, s, i, j):\n",
    "    I[i][i], I[j][j] = c, c\n",
    "    if (j > i):\n",
    "        I[i][j] = s\n",
    "        I[j][i] = -s\n",
    "    else:\n",
    "        I[i][j] = -s\n",
    "        I[j][i] = s\n",
    "    return I"
   ]
  },
  {
   "cell_type": "code",
   "execution_count": 6,
   "metadata": {},
   "outputs": [
    {
     "data": {
      "text/plain": [
       "19.284999999999997"
      ]
     },
     "execution_count": 6,
     "metadata": {},
     "output_type": "execute_result"
    }
   ],
   "source": [
    "def W_2(matrix):\n",
    "    return pow(np.linalg.norm(matrix, 'fro'), 2) - \\\n",
    "sum([pow(matrix[i][j], 2) for i in range(matrix.shape[0]) for j in range(matrix.shape[1]) if i == j])\n",
    "W_2(matrix)"
   ]
  },
  {
   "cell_type": "code",
   "execution_count": 7,
   "metadata": {},
   "outputs": [],
   "source": [
    "def jakobi(matrix, eps):\n",
    "    A = matrix\n",
    "    iter_ = 0\n",
    "    Q = np.eye(matrix.shape[0])\n",
    "    \n",
    "    while((W_2(A)) > eps):\n",
    "        \n",
    "        print(\"Current matrix: \\n{}\".format(A))\n",
    "        \n",
    "        i, j = find_index(A)\n",
    "        \n",
    "        print('i, j: {}, {}'.format(i, j))\n",
    "        \n",
    "        alpha, beta, gamma = A[i][i], A[j][j], A[i][j]\n",
    "        print('alpha, beta, gamma: {}, {}, {}'.format(alpha, beta, gamma))\n",
    "        \n",
    "        ksi = - (alpha - beta) / (2*gamma)\n",
    "    \n",
    "        c = 1/np.sqrt(1+pow(find_t(ksi), 2))\n",
    "        s = c*find_t(ksi)\n",
    "        delta = sum([pow(A[i][j], 2) for i in range(A.shape[0]) for j in range(A.shape[1]) if i == j])\n",
    "        \n",
    "        print('ksi, t, c, s: {}, {}, {}, {}'.format(ksi, find_t(ksi), c, s))\n",
    "        \n",
    "        T = make_T(np.eye(A.shape[0]), c, s, i, j)\n",
    "        Q = np.dot(Q, T)\n",
    "        print(Q,'\\n')\n",
    "        print(T)\n",
    "        \n",
    "        print(pow(c,2) + pow(s, 2) == 1)\n",
    "        print('delta, 2w, frobenius_norm, {}, {}, {}'.format(delta, W_2(A), pow(np.linalg.norm(A, 'fro'), 2)))\n",
    "        \n",
    "        iter_+=1\n",
    "        \n",
    "        A = np.dot(np.dot(T.T, A), T)\n",
    "        print('New_matrix: \\n{}'.format(A))\n",
    "    \n",
    "    print('nb_iterations: {}'.format(iter_))\n",
    "    return A, Q"
   ]
  },
  {
   "cell_type": "code",
   "execution_count": 8,
   "metadata": {},
   "outputs": [
    {
     "name": "stdout",
     "output_type": "stream",
     "text": [
      "Current matrix: \n",
      "[[7.14 1.28 0.79 1.12]\n",
      " [1.28 3.28 1.3  0.16]\n",
      " [0.79 1.3  6.32 2.1 ]\n",
      " [1.12 0.16 2.1  5.22]]\n",
      "i, j: 2, 3\n",
      "alpha, beta, gamma: 6.32, 5.22, 2.1\n",
      "ksi, t, c, s: -0.26190476190476203, -0.771823492671067, 0.7916310352170648, -0.6109994305080474\n",
      "[[ 1.          0.          0.          0.        ]\n",
      " [ 0.          1.          0.          0.        ]\n",
      " [ 0.          0.          0.79163104 -0.61099943]\n",
      " [ 0.          0.          0.61099943  0.79163104]] \n",
      "\n",
      "[[ 1.          0.          0.          0.        ]\n",
      " [ 0.          1.          0.          0.        ]\n",
      " [ 0.          0.          0.79163104 -0.61099943]\n",
      " [ 0.          0.          0.61099943  0.79163104]]\n",
      "False\n",
      "delta, 2w, frobenius_norm, 128.9288, 19.284999999999997, 148.2138\n",
      "New_matrix: \n",
      "[[ 7.14000000e+00  1.28000000e+00  1.30970788e+00  4.03937209e-01]\n",
      " [ 1.28000000e+00  3.28000000e+00  1.12688025e+00 -6.67638294e-01]\n",
      " [ 1.30970788e+00  1.12688025e+00  7.94082933e+00 -4.44089210e-16]\n",
      " [ 4.03937209e-01 -6.67638294e-01  2.22044605e-16  3.59917067e+00]]\n",
      "Current matrix: \n",
      "[[ 7.14000000e+00  1.28000000e+00  1.30970788e+00  4.03937209e-01]\n",
      " [ 1.28000000e+00  3.28000000e+00  1.12688025e+00 -6.67638294e-01]\n",
      " [ 1.30970788e+00  1.12688025e+00  7.94082933e+00 -4.44089210e-16]\n",
      " [ 4.03937209e-01 -6.67638294e-01  2.22044605e-16  3.59917067e+00]]\n",
      "i, j: 0, 2\n",
      "alpha, beta, gamma: 7.14, 7.94082933460924, 1.3097078799904942\n",
      "ksi, t, c, s: 0.305728226440484, 0.7399628122714502, 0.8038561928800162, 0.5948236891453181\n",
      "[[ 0.80385619  0.          0.59482369  0.        ]\n",
      " [ 0.          1.          0.          0.        ]\n",
      " [-0.47088089  0.          0.63635751 -0.61099943]\n",
      " [-0.36343694  0.          0.49115568  0.79163104]] \n",
      "\n",
      "[[ 0.80385619  0.          0.59482369  0.        ]\n",
      " [ 0.          1.          0.          0.        ]\n",
      " [-0.59482369  0.          0.80385619  0.        ]\n",
      " [ 0.          0.          0.          1.        ]]\n",
      "False\n",
      "delta, 2w, frobenius_norm, 137.7488, 10.464999999999947, 148.21379999999994\n",
      "New_matrix: \n",
      "[[ 6.17086487e+00  3.58640857e-01 -2.48300856e-16  3.24707427e-01]\n",
      " [ 3.58640857e-01  3.28000000e+00  1.66722399e+00 -6.67638294e-01]\n",
      " [-5.74383380e-16  1.66722399e+00  8.90996446e+00  2.40271421e-01]\n",
      " [ 3.24707427e-01 -6.67638294e-01  2.40271421e-01  3.59917067e+00]]\n",
      "Current matrix: \n",
      "[[ 6.17086487e+00  3.58640857e-01 -2.48300856e-16  3.24707427e-01]\n",
      " [ 3.58640857e-01  3.28000000e+00  1.66722399e+00 -6.67638294e-01]\n",
      " [-5.74383380e-16  1.66722399e+00  8.90996446e+00  2.40271421e-01]\n",
      " [ 3.24707427e-01 -6.67638294e-01  2.40271421e-01  3.59917067e+00]]\n",
      "i, j: 1, 2\n",
      "alpha, beta, gamma: 3.28, 8.909964460741083, 1.6672239934514488\n",
      "ksi, t, c, s: 1.6884247356247737, 0.27391521654192136, 0.9644723904041397, 0.26418366366625445\n",
      "[[ 0.80385619 -0.1571427   0.57369103  0.        ]\n",
      " [ 0.          0.96447239  0.26418366  0.        ]\n",
      " [-0.47088089 -0.16811526  0.61374925 -0.61099943]\n",
      " [-0.36343694 -0.12975531  0.47370609  0.79163104]] \n",
      "\n",
      "[[ 1.          0.          0.          0.        ]\n",
      " [ 0.          0.96447239  0.26418366  0.        ]\n",
      " [ 0.         -0.26418366  0.96447239  0.        ]\n",
      " [ 0.          0.          0.          1.        ]]\n",
      "False\n",
      "delta, 2w, frobenius_norm, 141.17946946181831, 7.034330538181592, 148.2137999999999\n",
      "New_matrix: \n",
      "[[ 6.17086487e+00  3.45899204e-01  9.47470554e-02  3.24707427e-01]\n",
      " [ 3.45899204e-01  2.82332198e+00 -4.44089210e-16 -7.07394486e-01]\n",
      " [ 9.47470554e-02 -4.44089210e-16  9.36664248e+00  5.53560213e-02]\n",
      " [ 3.24707427e-01 -7.07394486e-01  5.53560213e-02  3.59917067e+00]]\n",
      "Current matrix: \n",
      "[[ 6.17086487e+00  3.45899204e-01  9.47470554e-02  3.24707427e-01]\n",
      " [ 3.45899204e-01  2.82332198e+00 -4.44089210e-16 -7.07394486e-01]\n",
      " [ 9.47470554e-02 -4.44089210e-16  9.36664248e+00  5.53560213e-02]\n",
      " [ 3.24707427e-01 -7.07394486e-01  5.53560213e-02  3.59917067e+00]]\n",
      "i, j: 1, 3\n",
      "alpha, beta, gamma: 2.823321978809859, 3.5991706653907585, -0.707394485649968\n",
      "ksi, t, c, s: -0.5483847431098042, -0.592108933538868, 0.8604740044344477, -0.5094943451035999\n",
      "[[ 0.80385619 -0.13521721  0.57369103  0.08006332]\n",
      " [ 0.          0.82990342  0.26418366 -0.49139323]\n",
      " [-0.47088089 -0.45595956  0.61374925 -0.44009535]\n",
      " [-0.36343694  0.29168047  0.47370609  0.74728752]] \n",
      "\n",
      "[[ 1.          0.          0.          0.        ]\n",
      " [ 0.          0.860474    0.         -0.50949435]\n",
      " [ 0.          0.          1.          0.        ]\n",
      " [ 0.          0.50949435  0.          0.860474  ]]\n",
      "True\n",
      "delta, 2w, frobenius_norm, 146.7387411504987, 1.4750588495012096, 148.2137999999999\n",
      "New_matrix: \n",
      "[[ 6.17086487e+00  4.63073871e-01  9.47470554e-02  1.03168612e-01]\n",
      " [ 4.63073871e-01  2.40446738e+00  2.82035798e-02 -7.10169079e-17]\n",
      " [ 9.47470554e-02  2.82035798e-02  9.36664248e+00  4.76324173e-02]\n",
      " [ 1.03168612e-01  7.19067237e-17  4.76324173e-02  4.01802526e+00]]\n",
      "Current matrix: \n",
      "[[ 6.17086487e+00  4.63073871e-01  9.47470554e-02  1.03168612e-01]\n",
      " [ 4.63073871e-01  2.40446738e+00  2.82035798e-02 -7.10169079e-17]\n",
      " [ 9.47470554e-02  2.82035798e-02  9.36664248e+00  4.76324173e-02]\n",
      " [ 1.03168612e-01  7.19067237e-17  4.76324173e-02  4.01802526e+00]]\n",
      "i, j: 0, 1\n",
      "alpha, beta, gamma: 6.170864873868154, 2.4044673843203808, 0.4630738714112865\n",
      "ksi, t, c, s: -4.066735052518853, -0.1211443616220936, 0.9927418154281122, -0.12026507348559694\n",
      "[[ 0.78175975 -0.2309116   0.57369103  0.08006332]\n",
      " [ 0.0998084   0.82387983  0.26418366 -0.49139323]\n",
      " [-0.52229916 -0.3960196   0.61374925 -0.44009535]\n",
      " [-0.32572007  0.33327217  0.47370609  0.74728752]] \n",
      "\n",
      "[[ 0.99274182 -0.12026507  0.          0.        ]\n",
      " [ 0.12026507  0.99274182  0.          0.        ]\n",
      " [ 0.          0.          1.          0.        ]\n",
      " [ 0.          0.          0.          1.        ]]\n",
      "False\n",
      "delta, 2w, frobenius_norm, 147.73955506715467, 0.4742449328452665, 148.21379999999994\n",
      "New_matrix: \n",
      "[[ 6.22696366e+00  0.00000000e+00  9.74512694e-02  1.02419795e-01]\n",
      " [-2.22044605e-16  2.34836860e+00  1.66041114e-02 -1.24075807e-02]\n",
      " [ 9.74512694e-02  1.66041114e-02  9.36664248e+00  4.76324173e-02]\n",
      " [ 1.02419795e-01 -1.24075807e-02  4.76324173e-02  4.01802526e+00]]\n",
      "Current matrix: \n",
      "[[ 6.22696366e+00  0.00000000e+00  9.74512694e-02  1.02419795e-01]\n",
      " [-2.22044605e-16  2.34836860e+00  1.66041114e-02 -1.24075807e-02]\n",
      " [ 9.74512694e-02  1.66041114e-02  9.36664248e+00  4.76324173e-02]\n",
      " [ 1.02419795e-01 -1.24075807e-02  4.76324173e-02  4.01802526e+00]]\n",
      "i, j: 0, 3\n",
      "alpha, beta, gamma: 6.226963662404146, 4.018025259880237, 0.10241979484347265\n",
      "ksi, t, c, s: -10.783747447941153, -0.04626681894591008, 0.9989314060156724, -0.04621737850151051\n",
      "[[ 0.78462468 -0.2309116   0.57369103  0.04384688]\n",
      " [ 0.07699083  0.82387983  0.26418366 -0.49548101]\n",
      " [-0.54208109 -0.3960196   0.61374925 -0.41548577]\n",
      " [-0.29083434  0.33327217  0.47370609  0.7615429 ]] \n",
      "\n",
      "[[ 0.99893141  0.          0.         -0.04621738]\n",
      " [ 0.          1.          0.          0.        ]\n",
      " [ 0.          0.          1.          0.        ]\n",
      " [ 0.04621738  0.          0.          0.99893141]]\n",
      "True\n",
      "delta, 2w, frobenius_norm, 148.16842988792237, 0.04537011207756336, 148.21379999999994\n",
      "New_matrix: \n",
      "[[ 6.23170230e+00 -5.73445852e-04  9.95485790e-02  5.55111512e-17]\n",
      " [-5.73445852e-04  2.34836860e+00  1.66041114e-02 -1.23943220e-02]\n",
      " [ 9.95485790e-02  1.66041114e-02  9.36664248e+00  4.30775754e-02]\n",
      " [-3.60822483e-16 -1.23943220e-02  4.30775754e-02  4.01328662e+00]]\n",
      "Current matrix: \n",
      "[[ 6.23170230e+00 -5.73445852e-04  9.95485790e-02  5.55111512e-17]\n",
      " [-5.73445852e-04  2.34836860e+00  1.66041114e-02 -1.23943220e-02]\n",
      " [ 9.95485790e-02  1.66041114e-02  9.36664248e+00  4.30775754e-02]\n",
      " [-3.60822483e-16 -1.23943220e-02  4.30775754e-02  4.01328662e+00]]\n",
      "i, j: 0, 2\n",
      "alpha, beta, gamma: 6.231702300508646, 9.366642481931223, 0.09954857903382448\n",
      "ksi, t, c, s: 15.745780662310564, 0.03172258331081992, 0.9994972182925677, 0.03170663377621874\n",
      "[[ 0.76604038 -0.2309116   0.59828039  0.04384688]\n",
      " [ 0.06857575  0.82387983  0.26649196 -0.49548101]\n",
      " [-0.56126846 -0.3960196   0.5962531  -0.41548577]\n",
      " [-0.30570774  0.33327217  0.46424654  0.7615429 ]] \n",
      "\n",
      "[[ 0.99949722  0.          0.03170663  0.        ]\n",
      " [ 0.          1.          0.          0.        ]\n",
      " [-0.03170663  0.          0.99949722  0.        ]\n",
      " [ 0.          0.          0.          1.        ]]\n",
      "True\n",
      "delta, 2w, frobenius_norm, 148.1894095166739, 0.024390483326044432, 148.21379999999994\n",
      "New_matrix: \n",
      "[[ 6.22854436e+00 -1.09961801e-03 -2.07470938e-17 -1.36584491e-03]\n",
      " [-1.09961801e-03  2.34836860e+00  1.65775812e-02 -1.23943220e-02]\n",
      " [-3.95377237e-16  1.65775812e-02  9.36980042e+00  4.30559168e-02]\n",
      " [-1.36584491e-03 -1.23943220e-02  4.30559168e-02  4.01328662e+00]]\n",
      "Current matrix: \n",
      "[[ 6.22854436e+00 -1.09961801e-03 -2.07470938e-17 -1.36584491e-03]\n",
      " [-1.09961801e-03  2.34836860e+00  1.65775812e-02 -1.23943220e-02]\n",
      " [-3.95377237e-16  1.65775812e-02  9.36980042e+00  4.30559168e-02]\n",
      " [-1.36584491e-03 -1.23943220e-02  4.30559168e-02  4.01328662e+00]]\n",
      "i, j: 2, 3\n",
      "alpha, beta, gamma: 9.369800420023095, 4.0132866217757375, 0.043055916765080755\n",
      "ksi, t, c, s: -62.204154512296924, -0.008037529052252133, 0.9999677006283086, -0.008037269445113794\n",
      "[[ 0.76604038 -0.2309116   0.59861348  0.03903692]\n",
      " [ 0.06857575  0.82387983  0.26250104 -0.49760688]\n",
      " [-0.56126846 -0.3960196   0.59289447 -0.4202646 ]\n",
      " [-0.30570774  0.33327217  0.47035227  0.75778703]] \n",
      "\n",
      "[[ 1.          0.          0.          0.        ]\n",
      " [ 0.          1.          0.          0.        ]\n",
      " [ 0.          0.          0.9999677  -0.00803727]\n",
      " [ 0.          0.          0.00803727  0.9999677 ]]\n",
      "True\n",
      "delta, 2w, frobenius_norm, 148.20922935584915, 0.004570644150703629, 148.21379999999985\n",
      "New_matrix: \n",
      "[[ 6.22854436e+00 -1.09961801e-03 -1.09776635e-05 -1.36580079e-03]\n",
      " [-1.09961801e-03  2.34836860e+00  1.64774292e-02 -1.25271602e-02]\n",
      " [-1.09776635e-05  1.64774292e-02  9.37014648e+00  0.00000000e+00]\n",
      " [-1.36580079e-03 -1.25271602e-02  4.30211422e-16  4.01294056e+00]]\n",
      "Current matrix: \n",
      "[[ 6.22854436e+00 -1.09961801e-03 -1.09776635e-05 -1.36580079e-03]\n",
      " [-1.09961801e-03  2.34836860e+00  1.64774292e-02 -1.25271602e-02]\n",
      " [-1.09776635e-05  1.64774292e-02  9.37014648e+00  0.00000000e+00]\n",
      " [-1.36580079e-03 -1.25271602e-02  4.30211422e-16  4.01294056e+00]]\n",
      "i, j: 1, 2\n",
      "alpha, beta, gamma: 2.3483685957843896, 9.370146483204964, 0.016477429205697305\n",
      "ksi, t, c, s: 213.07261587240487, 0.0023466049106099685, 0.9999972467340675, 0.002346598449782611\n",
      "[[ 0.76604038 -0.23231567  0.59806997  0.03903692]\n",
      " [ 0.06857575  0.82326157  0.26443363 -0.49760688]\n",
      " [-0.56126846 -0.3974098   0.59196354 -0.4202646 ]\n",
      " [-0.30570774  0.33216752  0.47113303  0.75778703]] \n",
      "\n",
      "[[ 1.          0.          0.          0.        ]\n",
      " [ 0.          0.99999725  0.0023466   0.        ]\n",
      " [ 0.         -0.0023466   0.99999725  0.        ]\n",
      " [ 0.          0.          0.          1.        ]]\n",
      "True\n",
      "delta, 2w, frobenius_norm, 148.2129369797861, 0.000863020213728305, 148.21379999999982\n",
      "New_matrix: \n",
      "[[ 6.22854436e+00 -1.09958923e-03 -1.35579952e-05 -1.36580079e-03]\n",
      " [-1.09958923e-03  2.34832993e+00 -8.67361738e-19 -1.25271257e-02]\n",
      " [-1.35579952e-05 -2.22044605e-16  9.37018515e+00 -2.93962146e-05]\n",
      " [-1.36580079e-03 -1.25271257e-02 -2.93962146e-05  4.01294056e+00]]\n",
      "Current matrix: \n",
      "[[ 6.22854436e+00 -1.09958923e-03 -1.35579952e-05 -1.36580079e-03]\n",
      " [-1.09958923e-03  2.34832993e+00 -8.67361738e-19 -1.25271257e-02]\n",
      " [-1.35579952e-05 -2.22044605e-16  9.37018515e+00 -2.93962146e-05]\n",
      " [-1.36580079e-03 -1.25271257e-02 -2.93962146e-05  4.01294056e+00]]\n",
      "i, j: 1, 3\n",
      "alpha, beta, gamma: 2.3483299297681017, 4.012940558593867, -0.012527125664808767\n",
      "ksi, t, c, s: -66.44024628498752, -0.007525132944909802, 0.999971687389532, -0.007524919888752013\n",
      "[[ 0.76604038 -0.23201534  0.59806997  0.04078397]\n",
      " [ 0.06857575  0.81949381  0.26443363 -0.50378776]\n",
      " [-0.56126846 -0.400561    0.59196354 -0.41726222]\n",
      " [-0.30570774  0.3378604   0.47113303  0.75526604]] \n",
      "\n",
      "[[ 1.          0.          0.          0.        ]\n",
      " [ 0.          0.99997169  0.         -0.00752492]\n",
      " [ 0.          0.          1.          0.        ]\n",
      " [ 0.          0.00752492  0.          0.99997169]]\n",
      "True\n",
      "delta, 2w, frobenius_norm, 148.2134799911326, 0.000320008867248589, 148.21379999999985\n",
      "New_matrix: \n",
      "[[ 6.22854436e+00 -1.10983564e-03 -1.35579952e-05 -1.35748780e-03]\n",
      " [-1.10983564e-03  2.34823566e+00 -2.21204160e-07  6.53525518e-19]\n",
      " [-1.35579952e-05 -2.21204160e-07  9.37018515e+00 -2.93953823e-05]\n",
      " [-1.35748780e-03  1.81131557e-16 -2.93953823e-05  4.01303483e+00]]\n",
      "nb_iterations: 10\n"
     ]
    }
   ],
   "source": [
    "m = jakobi(matrix, 1e-5)"
   ]
  },
  {
   "cell_type": "code",
   "execution_count": 9,
   "metadata": {},
   "outputs": [],
   "source": [
    "def get_diag_el(matrix):\n",
    "    return np.array([matrix[i][j] for i in range(matrix.shape[0]) for j in range(matrix.shape[1]) if i == j])"
   ]
  },
  {
   "cell_type": "code",
   "execution_count": 10,
   "metadata": {},
   "outputs": [
    {
     "data": {
      "text/plain": [
       "array([6.22854436, 2.34823566, 9.37018515, 4.01303483])"
      ]
     },
     "execution_count": 10,
     "metadata": {},
     "output_type": "execute_result"
    }
   ],
   "source": [
    "get_diag_el(m[0])"
   ]
  },
  {
   "cell_type": "code",
   "execution_count": 11,
   "metadata": {},
   "outputs": [
    {
     "data": {
      "text/plain": [
       "array([9.37018515, 6.22854551, 2.34823534, 4.01303399])"
      ]
     },
     "execution_count": 11,
     "metadata": {},
     "output_type": "execute_result"
    }
   ],
   "source": [
    "np.linalg.eigvals(matrix)"
   ]
  },
  {
   "cell_type": "code",
   "execution_count": 12,
   "metadata": {},
   "outputs": [
    {
     "data": {
      "text/plain": [
       "(array([9.37018515, 6.22854551, 2.34823534, 4.01303399]),\n",
       " array([[ 0.59806645,  0.76608415, -0.23179621,  0.04125671],\n",
       "        [ 0.26443607,  0.06865117,  0.81951329, -0.50374454],\n",
       "        [ 0.59196826, -0.56089555, -0.4007216 , -0.41760263],\n",
       "        [ 0.4711302 , -0.30626504,  0.33777314,  0.75508103]]))"
      ]
     },
     "execution_count": 12,
     "metadata": {},
     "output_type": "execute_result"
    }
   ],
   "source": [
    "np.linalg.eig(matrix)"
   ]
  },
  {
   "cell_type": "code",
   "execution_count": 13,
   "metadata": {},
   "outputs": [
    {
     "data": {
      "text/plain": [
       "(array([[ 6.22854436e+00, -1.10983564e-03, -1.35579952e-05,\n",
       "         -1.35748780e-03],\n",
       "        [-1.10983564e-03,  2.34823566e+00, -2.21204160e-07,\n",
       "          6.53525518e-19],\n",
       "        [-1.35579952e-05, -2.21204160e-07,  9.37018515e+00,\n",
       "         -2.93953823e-05],\n",
       "        [-1.35748780e-03,  1.81131557e-16, -2.93953823e-05,\n",
       "          4.01303483e+00]]),\n",
       " array([[ 0.76604038, -0.23201534,  0.59806997,  0.04078397],\n",
       "        [ 0.06857575,  0.81949381,  0.26443363, -0.50378776],\n",
       "        [-0.56126846, -0.400561  ,  0.59196354, -0.41726222],\n",
       "        [-0.30570774,  0.3378604 ,  0.47113303,  0.75526604]]))"
      ]
     },
     "execution_count": 13,
     "metadata": {},
     "output_type": "execute_result"
    }
   ],
   "source": [
    "m"
   ]
  },
  {
   "cell_type": "code",
   "execution_count": 14,
   "metadata": {},
   "outputs": [
    {
     "data": {
      "text/plain": [
       "array([[ 0.76604038, -0.23201534,  0.59806997,  0.04078397],\n",
       "       [ 0.06857575,  0.81949381,  0.26443363, -0.50378776],\n",
       "       [-0.56126846, -0.400561  ,  0.59196354, -0.41726222],\n",
       "       [-0.30570774,  0.3378604 ,  0.47113303,  0.75526604]])"
      ]
     },
     "execution_count": 14,
     "metadata": {},
     "output_type": "execute_result"
    }
   ],
   "source": [
    "m[1]"
   ]
  },
  {
   "cell_type": "code",
   "execution_count": 15,
   "metadata": {},
   "outputs": [],
   "source": [
    "eigenvals = get_diag_el(m[0])"
   ]
  },
  {
   "cell_type": "code",
   "execution_count": 16,
   "metadata": {},
   "outputs": [
    {
     "data": {
      "text/plain": [
       "array([6.22854436, 2.34823566, 9.37018515, 4.01303483])"
      ]
     },
     "execution_count": 16,
     "metadata": {},
     "output_type": "execute_result"
    }
   ],
   "source": [
    "eigenvals"
   ]
  },
  {
   "cell_type": "code",
   "execution_count": 17,
   "metadata": {},
   "outputs": [
    {
     "data": {
      "text/plain": [
       "[array([ 0.76604038,  0.06857575, -0.56126846, -0.30570774]),\n",
       " array([-0.23201534,  0.81949381, -0.400561  ,  0.3378604 ]),\n",
       " array([0.59806997, 0.26443363, 0.59196354, 0.47113303]),\n",
       " array([ 0.04078397, -0.50378776, -0.41726222,  0.75526604])]"
      ]
     },
     "execution_count": 17,
     "metadata": {},
     "output_type": "execute_result"
    }
   ],
   "source": [
    "eigenvectors = [m[1][:, i] for i in range(4)]\n",
    "eigenvectors"
   ]
  },
  {
   "cell_type": "code",
   "execution_count": 18,
   "metadata": {},
   "outputs": [
    {
     "name": "stdout",
     "output_type": "stream",
     "text": [
      "[ 0.00019403 -0.0002292   0.00100296 -0.00140662]\n",
      "[-8.50311203e-04 -7.61663050e-05  6.22784799e-04  3.39181124e-04]\n",
      "[-1.15335094e-05  1.36980088e-05  1.99638635e-05 -1.81312861e-05]\n",
      "[-0.00105747 -0.00010086  0.00074451  0.00040115]\n"
     ]
    }
   ],
   "source": [
    "for l, v in zip(eigenvals, eigenvectors):\n",
    "    print(np.dot(matrix, v) - np.dot(l, v))"
   ]
  },
  {
   "cell_type": "code",
   "execution_count": 19,
   "metadata": {},
   "outputs": [
    {
     "name": "stdout",
     "output_type": "stream",
     "text": [
      "Current matrix: \n",
      "[[7.14 1.16 0.91 1.12]\n",
      " [1.16 3.28 1.3  0.16]\n",
      " [0.91 1.3  6.32 2.1 ]\n",
      " [1.12 0.16 2.1  5.22]]\n",
      "i, j: 2, 3\n",
      "alpha, beta, gamma: 6.32, 5.22, 2.1\n",
      "ksi, t, c, s: -0.26190476190476203, -0.771823492671067, 0.7916310352170648, -0.6109994305080474\n",
      "[[ 1.          0.          0.          0.        ]\n",
      " [ 0.          1.          0.          0.        ]\n",
      " [ 0.          0.          0.79163104 -0.61099943]\n",
      " [ 0.          0.          0.61099943  0.79163104]] \n",
      "\n",
      "[[ 1.          0.          0.          0.        ]\n",
      " [ 0.          1.          0.          0.        ]\n",
      " [ 0.          0.          0.79163104 -0.61099943]\n",
      " [ 0.          0.          0.61099943  0.79163104]]\n",
      "False\n",
      "delta, 2w, frobenius_norm, 128.9288, 19.107400000000013, 148.0362\n",
      "New_matrix: \n",
      "[[ 7.14000000e+00  1.16000000e+00  1.40470360e+00  3.30617278e-01]\n",
      " [ 1.16000000e+00  3.28000000e+00  1.12688025e+00 -6.67638294e-01]\n",
      " [ 1.40470360e+00  1.12688025e+00  7.94082933e+00 -4.44089210e-16]\n",
      " [ 3.30617278e-01 -6.67638294e-01  2.22044605e-16  3.59917067e+00]]\n",
      "Current matrix: \n",
      "[[ 7.14000000e+00  1.16000000e+00  1.40470360e+00  3.30617278e-01]\n",
      " [ 1.16000000e+00  3.28000000e+00  1.12688025e+00 -6.67638294e-01]\n",
      " [ 1.40470360e+00  1.12688025e+00  7.94082933e+00 -4.44089210e-16]\n",
      " [ 3.30617278e-01 -6.67638294e-01  2.22044605e-16  3.59917067e+00]]\n",
      "i, j: 0, 2\n",
      "alpha, beta, gamma: 7.14, 7.94082933460924, 1.4047036042165422\n",
      "ksi, t, c, s: 0.2850527798908489, 0.7547813834849756, 0.7981644329965829, 0.602439654985662\n",
      "[[ 0.79816443  0.          0.60243965  0.        ]\n",
      " [ 0.          1.          0.          0.        ]\n",
      " [-0.47690993  0.          0.63185174 -0.61099943]\n",
      " [-0.36809029  0.          0.48767801  0.79163104]] \n",
      "\n",
      "[[ 0.79816443  0.          0.60243965  0.        ]\n",
      " [ 0.          1.          0.          0.        ]\n",
      " [-0.60243965  0.          0.79816443  0.        ]\n",
      " [ 0.          0.          0.          1.        ]]\n",
      "True\n",
      "delta, 2w, frobenius_norm, 137.7488, 10.287399999999991, 148.03619999999998\n",
      "New_matrix: \n",
      "[[ 6.07975587e+00  2.46993390e-01 -1.78471820e-16  2.63886952e-01]\n",
      " [ 2.46993390e-01  3.28000000e+00  1.59826574e+00 -6.67638294e-01]\n",
      " [-9.49115377e-17  1.59826574e+00  9.00107346e+00  1.99176959e-01]\n",
      " [ 2.63886952e-01 -6.67638294e-01  1.99176959e-01  3.59917067e+00]]\n",
      "Current matrix: \n",
      "[[ 6.07975587e+00  2.46993390e-01 -1.78471820e-16  2.63886952e-01]\n",
      " [ 2.46993390e-01  3.28000000e+00  1.59826574e+00 -6.67638294e-01]\n",
      " [-9.49115377e-17  1.59826574e+00  9.00107346e+00  1.99176959e-01]\n",
      " [ 2.63886952e-01 -6.67638294e-01  1.99176959e-01  3.59917067e+00]]\n",
      "i, j: 1, 2\n",
      "alpha, beta, gamma: 3.28, 9.001073464386135, 1.5982657393018829\n",
      "ksi, t, c, s: 1.7897754183497299, 0.26041873053689457, 0.9677237474364945, 0.2520133898178183\n",
      "[[ 0.79816443 -0.15182286  0.58299516  0.        ]\n",
      " [ 0.          0.96772375  0.25201339  0.        ]\n",
      " [-0.47690993 -0.1592351   0.61145793 -0.61099943]\n",
      " [-0.36809029 -0.12290139  0.4719376   0.79163104]] \n",
      "\n",
      "[[ 1.          0.          0.          0.        ]\n",
      " [ 0.          0.96772375  0.25201339  0.        ]\n",
      " [ 0.         -0.25201339  0.96772375  0.        ]\n",
      " [ 0.          0.          0.          1.        ]]\n",
      "False\n",
      "delta, 2w, frobenius_norm, 141.6951844313979, 6.341015568602103, 148.0362\n",
      "New_matrix: \n",
      "[[ 6.07975587e+00  2.39021369e-01  6.22456416e-02  2.63886952e-01]\n",
      " [ 2.39021369e-01  2.86378167e+00  4.44089210e-16 -6.96284692e-01]\n",
      " [ 6.22456416e-02  4.44089210e-16  9.41729180e+00  2.44944832e-02]\n",
      " [ 2.63886952e-01 -6.96284692e-01  2.44944832e-02  3.59917067e+00]]\n",
      "Current matrix: \n",
      "[[ 6.07975587e+00  2.39021369e-01  6.22456416e-02  2.63886952e-01]\n",
      " [ 2.39021369e-01  2.86378167e+00  4.44089210e-16 -6.96284692e-01]\n",
      " [ 6.22456416e-02  4.44089210e-16  9.41729180e+00  2.44944832e-02]\n",
      " [ 2.63886952e-01 -6.96284692e-01  2.44944832e-02  3.59917067e+00]]\n",
      "i, j: 1, 3\n",
      "alpha, beta, gamma: 2.863781665110391, 3.5991706653907585, -0.6962846923618543\n",
      "ksi, t, c, s: -0.5280806890826998, -0.602790308945837, 0.8564368356414013, -0.5162518247488752\n",
      "[[ 0.79816443 -0.13002669  0.58299516  0.07837883]\n",
      " [ 0.          0.82879426  0.25201339 -0.49958915]\n",
      " [-0.47690993 -0.45180437  0.61145793 -0.44107701]\n",
      " [-0.36809029  0.30342369  0.4719376   0.74143005]] \n",
      "\n",
      "[[ 1.          0.          0.          0.        ]\n",
      " [ 0.          0.85643684  0.         -0.51625182]\n",
      " [ 0.          0.          1.          0.        ]\n",
      " [ 0.          0.51625182  0.          0.85643684]]\n",
      "True\n",
      "delta, 2w, frobenius_norm, 146.80409117825027, 1.232108821749705, 148.03619999999998\n",
      "New_matrix: \n",
      "[[ 6.07975587e+00  3.40938826e-01  6.22456416e-02  1.02607288e-01]\n",
      " [ 3.40938826e-01  2.44406800e+00  1.26453217e-02 -6.18985352e-17]\n",
      " [ 6.22456416e-02  1.26453217e-02  9.41729180e+00  2.09779777e-02]\n",
      " [ 1.02607288e-01 -3.29659031e-16  2.09779777e-02  4.01888433e+00]]\n",
      "Current matrix: \n",
      "[[ 6.07975587e+00  3.40938826e-01  6.22456416e-02  1.02607288e-01]\n",
      " [ 3.40938826e-01  2.44406800e+00  1.26453217e-02 -6.18985352e-17]\n",
      " [ 6.22456416e-02  1.26453217e-02  9.41729180e+00  2.09779777e-02]\n",
      " [ 1.02607288e-01 -3.29659031e-16  2.09779777e-02  4.01888433e+00]]\n",
      "i, j: 0, 1\n",
      "alpha, beta, gamma: 6.079755870223107, 2.4440680002873316, 0.3409388257417611\n",
      "ksi, t, c, s: -5.331877151312728, -0.0929651465509372, 0.9957065504689946, -0.09256600538607823\n",
      "[[ 0.7827015  -0.20335132  0.58299516  0.07837883]\n",
      " [ 0.07671817  0.82523588  0.25201339 -0.49958915]\n",
      " [-0.51668407 -0.40571893  0.61145793 -0.44107701]\n",
      " [-0.33842319  0.3361936   0.4719376   0.74143005]] \n",
      "\n",
      "[[ 0.99570655 -0.09256601  0.          0.        ]\n",
      " [ 0.09256601  0.99570655  0.          0.        ]\n",
      " [ 0.          0.          1.          0.        ]\n",
      " [ 0.          0.          0.          1.        ]]\n",
      "True\n",
      "delta, 2w, frobenius_norm, 147.77371592388516, 0.2624840761148164, 148.03619999999998\n",
      "New_matrix: \n",
      "[[ 6.11145130e+00  0.00000000e+00  6.31489200e-02  1.02166749e-01]\n",
      " [-1.94289029e-16  2.41237257e+00  6.82919922e-03 -9.49794678e-03]\n",
      " [ 6.31489200e-02  6.82919922e-03  9.41729180e+00  2.09779777e-02]\n",
      " [ 1.02166749e-01 -9.49794678e-03  2.09779777e-02  4.01888433e+00]]\n",
      "Current matrix: \n",
      "[[ 6.11145130e+00  0.00000000e+00  6.31489200e-02  1.02166749e-01]\n",
      " [-1.94289029e-16  2.41237257e+00  6.82919922e-03 -9.49794678e-03]\n",
      " [ 6.31489200e-02  6.82919922e-03  9.41729180e+00  2.09779777e-02]\n",
      " [ 1.02166749e-01 -9.49794678e-03  2.09779777e-02  4.01888433e+00]]\n",
      "i, j: 0, 3\n",
      "alpha, beta, gamma: 6.111451298123094, 4.018884330213817, 0.10216674880323832\n",
      "ksi, t, c, s: -10.240939407494142, -0.048707814250948916, 0.9988158809478603, -0.04865013840010629\n",
      "[[ 0.78558783 -0.20335132  0.58299516  0.04020748]\n",
      " [ 0.05232225  0.82523588  0.25201339 -0.50272993]\n",
      " [-0.53753071 -0.40571893  0.61145793 -0.41541797]\n",
      " [-0.30195178  0.3361936   0.4719376   0.75701644]] \n",
      "\n",
      "[[ 0.99881588  0.          0.         -0.04865014]\n",
      " [ 0.          1.          0.          0.        ]\n",
      " [ 0.          0.          1.          0.        ]\n",
      " [ 0.04865014  0.          0.          0.99881588]]\n",
      "False\n",
      "delta, 2w, frobenius_norm, 148.0061944896815, 0.03000551031848886, 148.03619999999998\n",
      "New_matrix: \n",
      "[[ 6.11642762e+00 -4.62076425e-04  6.40947257e-02 -5.55111512e-17]\n",
      " [-4.62076425e-04  2.41237257e+00  6.82919922e-03 -9.48670008e-03]\n",
      " [ 6.40947257e-02  6.82919922e-03  9.41729180e+00  1.78809336e-02]\n",
      " [-3.88578059e-16 -9.48670008e-03  1.78809336e-02  4.01390801e+00]]\n",
      "Current matrix: \n",
      "[[ 6.11642762e+00 -4.62076425e-04  6.40947257e-02 -5.55111512e-17]\n",
      " [-4.62076425e-04  2.41237257e+00  6.82919922e-03 -9.48670008e-03]\n",
      " [ 6.40947257e-02  6.82919922e-03  9.41729180e+00  1.78809336e-02]\n",
      " [-3.88578059e-16 -9.48670008e-03  1.78809336e-02  4.01390801e+00]]\n",
      "i, j: 0, 2\n",
      "alpha, beta, gamma: 6.116427617146425, 9.417291799275741, 0.06409472566067875\n",
      "ksi, t, c, s: 25.74988930917877, 0.019410243485813685, 0.9998116744370489, 0.0194065880407822\n",
      "[[ 0.77412594 -0.20335132  0.59813095  0.04020748]\n",
      " [ 0.04742168  0.82523588  0.25298133 -0.50272993]\n",
      " [-0.54929579 -0.40571893  0.60091114 -0.41541797]\n",
      " [-0.31105362  0.3361936   0.46598886  0.75701644]] \n",
      "\n",
      "[[ 0.99981167  0.          0.01940659  0.        ]\n",
      " [ 0.          1.          0.          0.        ]\n",
      " [-0.01940659  0.          0.99981167  0.        ]\n",
      " [ 0.          0.          0.          1.        ]]\n",
      "True\n",
      "delta, 2w, frobenius_norm, 148.0270705788035, 0.009129421196490739, 148.03619999999998\n",
      "New_matrix: \n",
      "[[ 6.11518352e+00 -5.94520860e-04  1.37759209e-17 -3.47007912e-04]\n",
      " [-5.94520860e-04  2.41237257e+00  6.81894578e-03 -9.48670008e-03]\n",
      " [ 6.54566790e-17  6.81894578e-03  9.41853589e+00  1.78775661e-02]\n",
      " [-3.47007912e-04 -9.48670008e-03  1.78775661e-02  4.01390801e+00]]\n",
      "Current matrix: \n",
      "[[ 6.11518352e+00 -5.94520860e-04  1.37759209e-17 -3.47007912e-04]\n",
      " [-5.94520860e-04  2.41237257e+00  6.81894578e-03 -9.48670008e-03]\n",
      " [ 6.54566790e-17  6.81894578e-03  9.41853589e+00  1.78775661e-02]\n",
      " [-3.47007912e-04 -9.48670008e-03  1.78775661e-02  4.01390801e+00]]\n",
      "i, j: 2, 3\n",
      "alpha, beta, gamma: 9.418535893506972, 4.013908011190484, 0.017877566146961153\n",
      "ksi, t, c, s: -151.1567021452518, -0.0033077893481980813, 0.9999945293097071, -0.003307771252307003\n",
      "[[ 0.77412594 -0.20335132  0.59826067  0.03822878]\n",
      " [ 0.04742168  0.82523588  0.25131703 -0.50356398]\n",
      " [-0.54929579 -0.40571893  0.59953374 -0.41740337]\n",
      " [-0.31105362  0.3361936   0.46849035  0.75547091]] \n",
      "\n",
      "[[ 1.          0.          0.          0.        ]\n",
      " [ 0.          1.          0.          0.        ]\n",
      " [ 0.          0.          0.99999453 -0.00330777]\n",
      " [ 0.          0.          0.00330777  0.99999453]]\n",
      "False\n",
      "delta, 2w, frobenius_norm, 148.03528684651855, 0.0009131534814343922, 148.03619999999998\n",
      "New_matrix: \n",
      "[[ 6.11518352e+00 -5.94520860e-04 -1.14782280e-06 -3.47006013e-04]\n",
      " [-5.94520860e-04  2.41237257e+00  6.78752864e-03 -9.50920369e-03]\n",
      " [-1.14782280e-06  6.78752864e-03  9.41859503e+00  3.46944695e-18]\n",
      " [-3.47006013e-04 -9.50920369e-03  4.47558657e-16  4.01384888e+00]]\n",
      "Current matrix: \n",
      "[[ 6.11518352e+00 -5.94520860e-04 -1.14782280e-06 -3.47006013e-04]\n",
      " [-5.94520860e-04  2.41237257e+00  6.78752864e-03 -9.50920369e-03]\n",
      " [-1.14782280e-06  6.78752864e-03  9.41859503e+00  3.46944695e-18]\n",
      " [-3.47006013e-04 -9.50920369e-03  4.47558657e-16  4.01384888e+00]]\n",
      "i, j: 1, 3\n",
      "alpha, beta, gamma: 2.412372572387344, 4.013848875967612, -0.0095092036894061\n",
      "ksi, t, c, s: -84.20664631279384, -0.005937564248885553, 0.9999823731314658, -0.0059374595882211246\n",
      "[[ 0.77412594 -0.20312075  0.59826067  0.0394355 ]\n",
      " [ 0.04742168  0.82223144  0.25131703 -0.50845491]\n",
      " [-0.54929579 -0.40819009  0.59953374 -0.41498708]\n",
      " [-0.31105362  0.34067325  0.46849035  0.75346146]] \n",
      "\n",
      "[[ 1.          0.          0.          0.        ]\n",
      " [ 0.          0.99998237  0.         -0.00593746]\n",
      " [ 0.          0.          1.          0.        ]\n",
      " [ 0.          0.00593746  0.          0.99998237]]\n",
      "False\n",
      "delta, 2w, frobenius_norm, 148.03592606126125, 0.00027393873872938457, 148.03619999999998\n",
      "New_matrix: \n",
      "[[ 6.11518352e+00 -5.96570715e-04 -1.14782280e-06 -3.43469953e-04]\n",
      " [-5.96570715e-04  2.41231611e+00  6.78740900e-03 -1.47028071e-18]\n",
      " [-1.14782280e-06  6.78740900e-03  9.41859503e+00 -4.03006770e-05]\n",
      " [-3.43469953e-04 -2.45995014e-16 -4.03006770e-05  4.01390534e+00]]\n",
      "Current matrix: \n",
      "[[ 6.11518352e+00 -5.96570715e-04 -1.14782280e-06 -3.43469953e-04]\n",
      " [-5.96570715e-04  2.41231611e+00  6.78740900e-03 -1.47028071e-18]\n",
      " [-1.14782280e-06  6.78740900e-03  9.41859503e+00 -4.03006770e-05]\n",
      " [-3.43469953e-04 -2.45995014e-16 -4.03006770e-05  4.01390534e+00]]\n",
      "i, j: 1, 2\n",
      "alpha, beta, gamma: 2.412316110879482, 9.418595028729845, 0.006787408995589984\n",
      "ksi, t, c, s: 516.1232307057513, 0.0009687599801860241, 0.9999995307523807, 0.0009687595255977097\n",
      "[[ 0.77412594 -0.20370023  0.59806362  0.0394355 ]\n",
      " [ 0.04742168  0.82198759  0.25211345 -0.50845491]\n",
      " [-0.54929579 -0.4087707   0.59913803 -0.41498708]\n",
      " [-0.31105362  0.34021924  0.46882016  0.75346146]] \n",
      "\n",
      "[[ 1.00000000e+00  0.00000000e+00  0.00000000e+00  0.00000000e+00]\n",
      " [ 0.00000000e+00  9.99999531e-01  9.68759526e-04  0.00000000e+00]\n",
      " [ 0.00000000e+00 -9.68759526e-04  9.99999531e-01  0.00000000e+00]\n",
      " [ 0.00000000e+00  0.00000000e+00  0.00000000e+00  1.00000000e+00]]\n",
      "True\n",
      "delta, 2w, frobenius_norm, 148.03610691117083, 9.308882914638161e-05, 148.03619999999998\n",
      "New_matrix: \n",
      "[[ 6.11518352e+00 -5.96569323e-04 -1.72575582e-06 -3.43469953e-04]\n",
      " [-5.96569323e-04  2.41230954e+00 -4.33680869e-19  3.90416647e-08]\n",
      " [-1.72575582e-06 -2.79290480e-16  9.41860160e+00 -4.03006581e-05]\n",
      " [-3.43469953e-04  3.90416645e-08 -4.03006581e-05  4.01390534e+00]]\n",
      "nb_iterations: 10\n"
     ]
    }
   ],
   "source": [
    "Matrix = np.array([[7.14, 1.16, 0.91, 1.12],\n",
    "                  [1.16, 3.28, 1.3, 0.16],\n",
    "                  [0.91, 1.3, 6.32, 2.1],\n",
    "                  [1.12, 0.16, 2.1, 5.22]])\n",
    "u = jakobi(Matrix, 1e-5)"
   ]
  },
  {
   "cell_type": "code",
   "execution_count": 73,
   "metadata": {},
   "outputs": [
    {
     "data": {
      "text/plain": [
       "(array([[ 6.11518352e+00, -5.96569323e-04, -1.72575582e-06,\n",
