Iteration number: 0
Matrix to be diagonalized: 
[[7.14 1.28 0.79 1.12]
 [1.28 3.28 1.3  0.16]
 [0.79 1.3  6.32 2.1 ]
 [1.12 0.16 2.1  5.22]]
Max non diagonal element: 2.1
Indexes: 2, 3
Alpha, Beta, Gamma (A[i][i], A[j][j], A[i][j]): 6.32, 5.22, 2.1
ksi, t, c, s: -0.26190476190476203, -0.771823492671067, 0.7916310352170648, -0.6109994305080474
c^2 + s^2: 0.37332030408115824 + 0.6266796959188417 = 1.0
delta + 2*omega : 128.9288 + 19.284999999999997 = 148.2138

Iteration number: 1
Matrix to be diagonalized: 
[[ 7.14000000e+00  1.28000000e+00  1.30970788e+00  4.03937209e-01]
 [ 1.28000000e+00  3.28000000e+00  1.12688025e+00 -6.67638294e-01]
 [ 1.30970788e+00  1.12688025e+00  7.94082933e+00 -4.44089210e-16]
 [ 4.03937209e-01 -6.67638294e-01  2.22044605e-16  3.59917067e+00]]
Max non diagonal element: 1.3097078799904942
Indexes: 0, 2
Alpha, Beta, Gamma (A[i][i], A[j][j], A[i][j]): 7.14, 7.94082933460924, 1.3097078799904942
ksi, t, c, s: 0.305728226440484, 0.7399628122714502, 0.8038561928800162, 0.5948236891453181
c^2 + s^2: 0.35381522116844605 + 0.6461847788315538 = 1.0
delta + 2*omega : 137.7488 + 10.465000000000003 = 148.2138

Iteration number: 2
Matrix to be diagonalized: 
[[ 6.17086487e+00  3.58640857e-01 -4.44089210e-16  3.24707427e-01]
 [ 3.58640857e-01  3.28000000e+00  1.66722399e+00 -6.67638294e-01]
 [-8.88178420e-16  1.66722399e+00  8.90996446e+00  2.40271421e-01]
 [ 3.24707427e-01 -6.67638294e-01  2.40271421e-01  3.59917067e+00]]
Max non diagonal element: 1.6672239934514486
Indexes: 1, 2
Alpha, Beta, Gamma (A[i][i], A[j][j], A[i][j]): 3.28, 8.909964460741083, 1.6672239934514486
ksi, t, c, s: 1.688424735624774, 0.27391521654192136, 0.9644723904041397, 0.26418366366625445
c^2 + s^2: 0.06979300814812466 + 0.9302069918518753 = 1.0
delta + 2*omega : 141.17946946181831 + 7.034330538181621 = 148.2138

Iteration number: 3
Matrix to be diagonalized: 
[[ 6.17086487e+00  3.45899204e-01  9.47470554e-02  3.24707427e-01]
 [ 3.45899204e-01  2.82332198e+00 -6.66133815e-16 -7.07394486e-01]
 [ 9.47470554e-02 -8.88178420e-16  9.36664248e+00  5.53560213e-02]
 [ 3.24707427e-01 -7.07394486e-01  5.53560213e-02  3.59917067e+00]]
Max non diagonal element: -0.707394485649968
Indexes: 1, 3
Alpha, Beta, Gamma (A[i][i], A[j][j], A[i][j]): 2.823321978809859, 3.5991706653907585, -0.707394485649968
ksi, t, c, s: -0.5483847431098042, -0.592108933538868, 0.8604740044344477, -0.5094943451035999
c^2 + s^2: 0.25958448769254616 + 0.7404155123074538 = 1.0
delta + 2*omega : 146.7387411504987 + 1.4750588495012096 = 148.2138

Iteration number: 4
Matrix to be diagonalized: 
[[6.17086487 0.46307387 0.09474706 0.10316861]
 [0.46307387 2.40446738 0.02820358 0.        ]
 [0.09474706 0.02820358 9.36664248 0.04763242]
 [0.10316861 0.         0.04763242 4.01802526]]
Max non diagonal element: 0.46307387141128653
Indexes: 0, 1
Alpha, Beta, Gamma (A[i][i], A[j][j], A[i][j]): 6.170864873868154, 2.4044673843203803, 0.46307387141128653
ksi, t, c, s: -4.066735052518853, -0.1211443616220936, 0.9927418154281122, -0.12026507348559694
c^2 + s^2: 0.014463687900496031 + 0.9855363120995041 = 1.0
delta + 2*omega : 147.73955506715467 + 0.47424493284523805 = 148.2138

Iteration number: 5
Matrix to be diagonalized: 
[[ 6.22696366e+00  0.00000000e+00  9.74512694e-02  1.02419795e-01]
 [-1.66533454e-16  2.34836860e+00  1.66041114e-02 -1.24075807e-02]
 [ 9.74512694e-02  1.66041114e-02  9.36664248e+00  4.76324173e-02]
 [ 1.02419795e-01 -1.24075807e-02  4.76324173e-02  4.01802526e+00]]
Max non diagonal element: 0.10241979484347262
Indexes: 0, 3
Alpha, Beta, Gamma (A[i][i], A[j][j], A[i][j]): 6.226963662404146, 4.018025259880237, 0.10241979484347262
ksi, t, c, s: -10.783747447941156, -0.04626681894591007, 0.9989314060156724, -0.046217378501510496
c^2 + s^2: 0.0021360460755518846 + 0.9978639539244482 = 1.0
delta + 2*omega : 148.16842988792237 + 0.04537011207756336 = 148.2138

Iteration number: 6
Matrix to be diagonalized: 
[[ 6.23170230e+00 -5.73445852e-04  9.95485790e-02  0.00000000e+00]
 [-5.73445852e-04  2.34836860e+00  1.66041114e-02 -1.23943220e-02]
 [ 9.95485790e-02  1.66041114e-02  9.36664248e+00  4.30775754e-02]
 [-3.88578059e-16 -1.23943220e-02  4.30775754e-02  4.01328662e+00]]
Max non diagonal element: 0.09954857903382429
Indexes: 0, 2
Alpha, Beta, Gamma (A[i][i], A[j][j], A[i][j]): 6.231702300508646, 9.366642481931223, 0.09954857903382429
ksi, t, c, s: 15.745780662310596, 0.03172258331081985, 0.9994972182925677, 0.03170663377621867
c^2 + s^2: 0.0010053106254192506 + 0.9989946893745807 = 1.0
delta + 2*omega : 148.1894095166739 + 0.02439048332601601 = 148.2138

Iteration number: 7
Matrix to be diagonalized: 
[[ 6.22854436e+00 -1.09961801e-03  2.77555756e-17 -1.36584491e-03]
 [-1.09961801e-03  2.34836860e+00  1.65775812e-02 -1.23943220e-02]
 [-4.44089210e-16  1.65775812e-02  9.36980042e+00  4.30559168e-02]
 [-1.36584491e-03 -1.23943220e-02  4.30559168e-02  4.01328662e+00]]
Max non diagonal element: 0.043055916765081
Indexes: 2, 3
Alpha, Beta, Gamma (A[i][i], A[j][j], A[i][j]): 9.369800420023095, 4.0132866217757375, 0.043055916765081
ksi, t, c, s: -62.204154512296576, -0.008037529052252176, 0.9999677006283086, -0.008037269445113838
c^2 + s^2: 6.45977001333605e-05 + 0.9999354022998667 = 1.0
delta + 2*omega : 148.20922935584915 + 0.004570644150703629 = 148.2138

Iteration number: 8
Matrix to be diagonalized: 
[[ 6.22854436e+00 -1.09961801e-03 -1.09776635e-05 -1.36580079e-03]
 [-1.09961801e-03  2.34836860e+00  1.64774292e-02 -1.25271602e-02]
 [-1.09776635e-05  1.64774292e-02  9.37014648e+00  1.38777878e-17]
 [-1.36580079e-03 -1.25271602e-02  3.05311332e-16  4.01294056e+00]]
Max non diagonal element: 0.016477429205697138
Indexes: 1, 2
Alpha, Beta, Gamma (A[i][i], A[j][j], A[i][j]): 2.348368595784389, 9.370146483204964, 0.016477429205697138
ksi, t, c, s: 213.07261587240703, 0.0023466049106099446, 0.9999972467340675, 0.002346598449782587
c^2 + s^2: 5.506524284522041e-06 + 0.9999944934757156 = 1.0
delta + 2*omega : 148.2129369797861 + 0.0008630202137567267 = 148.2138

Iteration number: 9
Matrix to be diagonalized: 
[[ 6.22854436e+00 -1.09958923e-03 -1.35579952e-05 -1.36580079e-03]
 [-1.09958923e-03  2.34832993e+00  8.67361738e-19 -1.25271257e-02]
 [-1.35579952e-05 -3.95516953e-16  9.37018515e+00 -2.93962146e-05]
 [-1.36580079e-03 -1.25271257e-02 -2.93962146e-05  4.01294056e+00]]
Max non diagonal element: -0.012527125664808693
Indexes: 1, 3
Alpha, Beta, Gamma (A[i][i], A[j][j], A[i][j]): 2.3483299297681013, 4.012940558593867, -0.012527125664808693
ksi, t, c, s: -66.44024628498794, -0.007525132944909757, 0.999971687389532, -0.0075249198887519676
c^2 + s^2: 5.6624419332134925e-05 + 0.9999433755806679 = 1.0
delta + 2*omega : 148.21347999113254 + 0.00032000886730543243 = 148.2138

Iteration number: 10
Matrix to be diagonalized: 
[[ 6.22854436e+00 -1.10983564e-03 -1.35579952e-05 -1.35748780e-03]
 [-1.10983564e-03  2.34823566e+00 -2.21204160e-07  0.00000000e+00]
 [-1.35579952e-05 -2.21204160e-07  9.37018515e+00 -2.93953823e-05]
 [-1.35748780e-03  4.85722573e-17 -2.93953823e-05  4.01303483e+00]]
Max non diagonal element: -0.0013574878004454696
Indexes: 0, 3
Alpha, Beta, Gamma (A[i][i], A[j][j], A[i][j]): 6.228544362416771, 4.013034826879912, -0.0013574878004454696
ksi, t, c, s: 816.0329451247454, 0.0006127201300807618, 0.9999998122870738, 0.0006127200150652732
c^2 + s^2: 3.7542581686158866e-07 + 0.9999996245741828 = 1.0
delta + 2*omega : 148.21379384888743 + 6.1511124158641906e-06 = 148.2138

Iteration number: 11
Matrix to be diagonalized: 
[[ 6.22854519e+00 -1.10983543e-03 -1.35399816e-05  0.00000000e+00]
 [-1.10983543e-03  2.34823566e+00 -2.21204160e-07 -6.80018508e-07]
 [-1.35399816e-05 -2.21204160e-07  9.37018515e+00 -2.94036841e-05]
 [-3.92914867e-16 -6.80018507e-07 -2.94036841e-05  4.01303400e+00]]
Max non diagonal element: -0.001109835427530458
Indexes: 0, 1
Alpha, Beta, Gamma (A[i][i], A[j][j], A[i][j]): 6.22854519417687, 2.348235661482056, -0.001109835427530458
ksi, t, c, s: 1748.1463631635256, 0.0002860172177987733, 0.999999959097078, 0.00028601720609983334
c^2 + s^2: 8.180584218515454e-08 + 0.9999999181941576 = 1.0
delta + 2*omega : 148.21379753443364 + 2.4655661832184705e-06 = 148.2138

Iteration number: 12
Matrix to be diagonalized: 
[[ 6.22854551e+00  0.00000000e+00 -1.35399177e-05  1.94496994e-10]
 [-1.83013327e-16  2.34823534e+00 -2.25076819e-07 -6.80018480e-07]
 [-1.35399177e-05 -2.25076819e-07  9.37018515e+00 -2.94036841e-05]
 [ 1.94496601e-10 -6.80018480e-07 -2.94036841e-05  4.01303400e+00]]
Max non diagonal element: -2.9403684054431293e-05
Indexes: 2, 3
Alpha, Beta, Gamma (A[i][i], A[j][j], A[i][j]): 9.370185149221253, 4.013033995119809, -2.9403684054431293e-05
ksi, t, c, s: 91096.59769477241, 5.488679189317624e-06, 0.9999999999849372, 5.488679189234949e-06
c^2 + s^2: 3.012559924234081e-11 + 0.9999999999698743 = 1.0
delta + 2*omega : 148.21379999790295 + 2.0968684566469165e-09 = 148.2138

Eigenvalue is: 6.228545511550554
Resudial vector: [ 5.18873833e-12 -6.13346041e-11 -4.98023844e-11  9.04165631e-11]

Eigenvalue is: 2.3482353440500146
Resudial vector: [-1.62664715e-07  2.83038472e-07  1.50742559e-07 -6.19508516e-07]

Eigenvalue is: 9.370185149440994
Resudial vector: [ 5.21710994e-08 -1.84450427e-07  9.01916168e-08 -7.60235670e-08]

Eigenvalue is: 4.0130339949584215
Resudial vector: [ 1.57718082e-07 -5.57277076e-07  2.72431073e-07 -2.29728983e-07]

