Нижньотрикутна матриця L
[[ 2.60959767  0.          0.          0.          0.        ]
 [ 0.49049707  1.83559599  0.          0.          0.        ]
 [ 0.30272866  0.62732349  2.34623541  0.          0.        ]
 [ 0.44642897 -0.03212695  0.84603921  2.15264644  0.        ]
 [-0.19543242  0.60790013  0.49475554 -8.50664818 -8.77585225]]
Вектор нев'язки
[-4.44089210e-16 -3.33066907e-16  1.33226763e-15 -1.77635684e-15
  1.37667655e-14]
Детермінант вихідної матриці
-45078.400406274304
Вектор розв'язку Х
[0.14669619821711047, 0.015673773854685887, 0.6848491585791766, 0.21893730328257638, -0.5585169921680971]
Обернена матриця:
[[ 0.16021174 -0.05549647 -0.00721248 -0.00962644  0.00606635]
 [-0.05549647  0.32113338 -0.06672514  0.01512965 -0.00385696]
 [-0.00721248 -0.06672514  0.17497347  0.00611905  0.02124036]
 [-0.00962644  0.01512965  0.00611905  0.0130366  -0.05131061]
 [ 0.00606635 -0.00385696  0.02124036 -0.05131061 -0.01298439]]
 Результат множення матриць[[ 1.00000000e+00 -2.60208521e-18 -1.73472348e-18  0.00000000e+00
   1.11022302e-16]
 [-8.67361738e-18  1.00000000e+00  1.21430643e-16  4.16333634e-17
  -1.21430643e-17]
 [-1.21430643e-17  2.42861287e-17  1.00000000e+00 -1.11022302e-16
   2.49800181e-16]
 [ 3.81639165e-17  6.93889390e-18  0.00000000e+00  1.00000000e+00
  -8.60422844e-16]
 [ 2.60208521e-18  3.46944695e-18 -3.46944695e-18  5.55111512e-17
   1.00000000e+00]]